points
0.0	0.0034214839333150324
0.878243512974052	0.0005161167260630869
1.756487025948104	-0.0011280145792163352
2.634730538922156	0.0009538864290697681
3.512974051896208	0.0023261696702491013
4.39121756487026	0.003494648555273919
5.269461077844312	0.004481094469976422
6.147704590818365	0.007467892201033071
7.025948103792416	0.005499616475628339
7.904191616766468	0.005689830079676067
8.78243512974052	0.008097900852403328
9.660678642714572	0.00725700716099119
10.538922155688624	0.009827412001252084
11.417165668662676	0.008561495891839783
12.29540918163673	0.010643810303412896
13.17365269461078	0.008532269267058079
14.051896207584832	0.012203317122773288
14.930139720558886	0.01247546014924563
15.808383233532936	0.01207591272712151
16.686626746506988	0.013953361048519478
17.56487025948104	0.0140812565722137
18.443113772455092	0.01617232909613853
19.321357285429144	0.014554700600829742
20.199600798403196	0.013752927494769801
21.07784431137725	0.01720380573740523
21.9560878243513	0.019200262190230563
22.834331337325352	0.018665015934088276
23.712574850299404	0.02090405119717376
24.59081836327346	0.021428155127928967
25.46906187624751	0.021420614193285156
26.34730538922156	0.02671279634557869
27.225548902195612	0.022403595684998365
28.103792415169664	0.02113452801383854
28.982035928143716	0.025252091846585934
29.860279441117772	0.023692148754179874
30.738522954091824	0.025598898075416824
31.616766467065872	0.026168074300938145
32.495009980039924	0.026728799592728815
33.373253493013976	0.02751911737544542
34.25149700598803	0.03144899012302037
35.12974051896208	0.029248042680875382
36.00798403193613	0.029051410209687982
36.886227544910184	0.030473453221671137
37.764471057884236	0.03346984662429493
38.64271457085829	0.03344568602298278
39.52095808383234	0.030539072843927848
40.39920159680639	0.03395152837447332
41.277445109780444	0.03374409505337908
42.1556886227545	0.033212474361896734
43.03393213572855	0.03125896365386134
43.9121756487026	0.03559095865318783
44.79041916167665	0.0348177819546653
45.668662674650705	0.03477371232935763
46.54690618762476	0.04021963709330464
47.42514970059881	0.037132061159997495
48.30339321357287	0.037514814336527404
49.18163672654692	0.03950866675640902
50.05988023952097	0.0372897135967644
50.93812375249502	0.039211972659998706
51.81636726546907	0.037976546670973506
52.69461077844312	0.03836497754568393
53.57285429141717	0.04195761746949395
54.451097804391225	0.042442960468612845
55.32934131736528	0.04302032262064337
56.20758483033933	0.04502188872880416
57.08582834331338	0.044145924611744616
57.96407185628743	0.0433940277131456
58.842315369261485	0.04538966621895256
59.720558882235544	0.047028619729098387
60.598802395209596	0.046054996651090634
61.47704590818365	0.04498845101488128
62.35528942115769	0.04836171097495796
63.233532934131745	0.0455661757317428
64.1117764471058	0.046613249376419995
64.99001996007985	0.048774365868907765
65.8682634730539	0.05186401066161209
66.74650698602795	0.052380843435851546
67.624750499002	0.04898417215799882
68.50299401197606	0.051793792476414004
69.38123752495011	0.05195878333951013
70.25948103792416	0.051876020846389564
71.13772455089821	0.052720407931988976
72.01596806387226	0.05341789471362975
72.89421157684632	0.052785791780974305
73.77245508982037	0.05329972396192329
74.65069860279442	0.053976348136696474
75.52894211576847	0.05551327629008151
76.40718562874252	0.055144812659653916
77.28542914171658	0.056018331866054
78.16367265469063	0.056170393454599135
79.04191616766468	0.05820657753915159
79.92015968063873	0.05593031906476294
80.79840319361278	0.05416573324555105
81.67664670658684	0.05886955193088627
82.55489021956089	0.058342452558122565
83.43313373253494	0.059925035319866926
84.311377245509	0.05747600013671104
85.18962075848304	0.06237510589127225
86.0678642714571	0.06347244621034648
86.94610778443115	0.05880433300240511
87.8243512974052	0.06390483321721042
88.70259481037925	0.06294845133949804
89.5808383233533	0.06372786937655195
90.45908183632736	0.060350194804458704
91.33732534930141	0.06287415234319804
92.21556886227546	0.06487008741070441
93.09381237524951	0.06535875238181474
93.97205588822357	0.06653677907913252
94.85029940119762	0.06539497890816948
95.72854291417167	0.06585518688860516
96.60678642714574	0.06816588371005596
97.48502994011979	0.06433630253632969
98.36327345309384	0.06457579734607508
99.24151696606789	0.0710809518751843
100.11976047904194	0.06767103137692414
100.998003992016	0.07004929347205713
101.87624750499003	0.06826941729210413
102.75449101796409	0.06875580544606909
103.63273453093814	0.07003938814080272
104.51097804391219	0.06982160278800996
105.38922155688624	0.07039062204585488
106.2674650698603	0.07307796318182312
107.14570858283435	0.07154796203394681
108.0239520958084	0.07177067570590816
108.90219560878245	0.0748805467601953
109.7804391217565	0.07262091497288943
110.65868263473055	0.07322602240126284
111.5369261477046	0.07693253729873849
112.41516966067866	0.07279923409254505
113.29341317365271	0.07500085201897688
114.17165668662676	0.07296428457311276
115.04990019960081	0.07462489167230131
115.92814371257487	0.07543518539486331
116.80638722554892	0.0713159160820927
117.68463073852297	0.07203364429490203
118.56287425149704	0.07613623168464768
119.44111776447109	0.07512532566361498
120.31936127744514	0.07812537061273744
121.19760479041919	0.07817216776560833
122.07584830339324	0.07806893251207427
122.9540918163673	0.07850363309270529
123.83233532934133	0.0765499303986099
124.71057884231539	0.07867835203116129
125.58882235528944	0.07855808023126176
126.46706586826349	0.07627788885532548
127.34530938123754	0.08131840214510005
128.2235528942116	0.08152580817726268
129.10179640718565	0.08296928538093493
129.9800399201597	0.0819405915534362
130.85828343313375	0.08143583467012788
131.7365269461078	0.08110670085766611
132.61477045908185	0.08074831534304379
133.4930139720559	0.08072193111878143
134.37125748502996	0.08474341091370605
135.249500998004	0.08312216867867687
136.12774451097806	0.08515452643845862
137.0059880239521	0.08461263938192043
137.88423153692617	0.0818618496568867
138.76247504990022	0.08500651493260368
139.64071856287427	0.08717842062629148
140.51896207584832	0.08642871248726365
141.39720558882237	0.08799018038320512
142.27544910179643	0.08504052654317455
143.15369261477048	0.08863499528345299
144.03193612774453	0.08496037233270533
144.91017964071858	0.08647342286074247
145.78842315369263	0.08669526015048692
146.66666666666669	0.08787178806735021
147.54491017964074	0.08585389662493118
148.4231536926148	0.09275192194304785
149.30139720558884	0.09293067660417952
150.1796407185629	0.09148990725477545
151.05788423153695	0.08825794590108677
151.936127744511	0.08901016793773278
152.81437125748505	0.08997788261900487
153.6926147704591	0.09273126967652938
154.57085828343315	0.09013370243913435
155.4491017964072	0.09387068180281338
156.32734530938126	0.09264641551222536
157.2055888223553	0.08935603666095339
158.08383233532936	0.09172087764977331
158.9620758483034	0.09290086289044766
159.84031936127747	0.09128012363165233
160.71856287425152	0.09357987541604323
161.59680638722557	0.0935656139239979
162.47504990019962	0.09312247136636882
163.35329341317367	0.09461404811770728
164.23153692614773	0.0923212497468562
165.10978043912178	0.09604618186589575
165.98802395209583	0.09466011374768114
166.86626746506988	0.09402500549765676
167.74451097804393	0.09667136309174094
168.622754491018	0.0975393983149693
169.50099800399204	0.09596007238774398
170.3792415169661	0.09594312176893251
171.25748502994014	0.09534919381302454
172.1357285429142	0.09496252621776628
173.01397205588825	0.09524956787235062
173.8922155688623	0.0957524751636115
174.77045908183635	0.09406032208297918
175.6487025948104	0.09688721065558936
176.52694610778448	0.1001112111305824
177.4051896207585	0.09823033590131135
178.2834331337326	0.09906075328324365
179.1616766467066	0.10000630001179278
180.03992015968063	0.09872003488995718
180.9181636726547	0.1038469753211037
181.79640718562877	0.10018441741168102
182.67465069860282	0.1014017116534692
183.55289421157687	0.10000936756196094
184.43113772455092	0.10124507457440797
185.30938123752497	0.10009410896885373
186.18762475049903	0.10062743186610006
187.06586826347308	0.10414186694389621
187.94411177644713	0.09791716128683484
188.82235528942118	0.09878119251313658
189.70059880239523	0.10175995134606072
190.5788423153693	0.10144853016049013
191.45708582834334	0.09790836818811119
192.3353293413174	0.10263909837105073
193.21357285429147	0.1002937387724106
194.0918163672655	0.1031353721163029
194.97005988023957	0.10187191453402908
195.8483033932136	0.10685983207016074
196.72654690618768	0.10365256408789977
197.6047904191617	0.10398132827497597
198.48303393213578	0.10573768547069068
199.3612774451098	0.10455147797952993
200.2395209580839	0.10306199833773054
201.1177644710579	0.10300388843302556
201.996007984032	0.10668118193441321
202.87425149700601	0.10524610014833327
203.75249500998007	0.10369780962236692
204.63073852295412	0.10510884622200076
205.50898203592817	0.1033727985432728
206.38722554890222	0.10668275298249014
207.26546906187627	0.10866392424449416
208.14371257485033	0.10796307524454217
209.02195608782438	0.10848370605789506
209.90019960079843	0.10792641830164908
210.77844311377248	0.10895954262264923
211.65668662674653	0.10771134584038196
212.5349301397206	0.10449641934808186
213.41317365269464	0.11043780210262459
214.2914171656687	0.10756765764893857
215.16966067864277	0.1079586990625579
216.0479041916168	0.10853555024988189
216.92614770459087	0.10773043961215346
217.8043912175649	0.10832653705225709
218.68263473053898	0.10750018458911098
219.560878243513	0.10960871567881925
220.43912175648708	0.1103993436374371
221.3173652694611	0.10835151694158869
222.1956087824352	0.11007405320088186
223.0738522954092	0.11198668794164392
223.9520958083833	0.11446454352758402
224.83033932135731	0.11272521765160819
225.70858283433137	0.11274728323202629
226.58682634730542	0.10702926148432376
227.46506986027947	0.10669683180773798
228.34331337325352	0.10865010965953421
229.22155688622757	0.11160347928339746
230.09980039920163	0.11232892333750104
230.97804391217568	0.11154546229395351
231.85628742514973	0.11247674975160747
232.73453093812378	0.11344631944664141
233.61277445109783	0.11257802917859906
234.4910179640719	0.11314999681387868
235.36926147704594	0.11536105054849481
236.24750499002	0.11285774386312977
237.12574850299407	0.11327758324805917
238.0039920159681	0.10939426545481425
238.88223552894218	0.11396137604657841
239.7604790419162	0.11362824031959248
240.63872255489028	0.11576823164330456
241.5169660678643	0.11536015853612333
242.39520958083838	0.11391653890195216
243.2734530938124	0.11896991880543847
244.1516966067865	0.11779818689889232
245.0299401197605	0.11297603135340899
245.9081836327346	0.11503221134279816
246.78642714570861	0.11612523719022105
247.66467065868267	0.11434409527313677
248.54291417165672	0.11364214161180278
249.42115768463077	0.11747318018140536
250.29940119760482	0.11469300674638142
251.17764471057887	0.11604736108306128
252.05588822355293	0.11690907050597726
252.93413173652698	0.11708409834492485
253.81237524950103	0.11655400483936454
254.69061876247508	0.11804622376586027
255.56886227544913	0.11707431241063408
256.4471057884232	0.1197827439005965
257.32534930139724	0.12085946527765083
258.2035928143713	0.11639049041742384
259.08183632734534	0.11603144327195936
259.9600798403194	0.11720345494029058
260.83832335329345	0.11470890669393506
261.7165668662675	0.11787865019554469
262.59481037924155	0.11860886926983677
263.4730538922156	0.12075777498407599
264.35129740518965	0.11859765882190129
265.2295409181637	0.1172043153024015
266.10778443113776	0.11694680333168275
266.9860279441118	0.12121763573071613
267.86427145708586	0.11851140678805815
268.7425149700599	0.11762102076279822
269.62075848303397	0.11952797438472634
270.499001996008	0.11971500149284035
271.37724550898207	0.1190483583648714
272.2554890219561	0.11859727504869834
273.1337325349302	0.12422370941319873
274.0119760479042	0.12050613599809133
274.8902195608783	0.12152040341591605
275.76846307385233	0.12315698362535413
276.6467065868264	0.11965629523622824
277.52495009980044	0.12018134998197551
278.4031936127745	0.1217385726610487
279.28143712574854	0.11915002426361031
280.1596806387226	0.12109700508289797
281.03792415169664	0.12116008879514949
281.9161676646707	0.12392294411701324
282.79441117764475	0.12152237852412234
283.6726546906188	0.12172422817803864
284.55089820359285	0.11958577062695058
285.4291417165669	0.12344499858838752
286.30738522954096	0.12378978773265545
287.185628742515	0.12272750497374088
288.06387225548906	0.12245742077285791
288.9421157684631	0.12137453522472938
289.82035928143716	0.11829200871193109
290.6986027944112	0.1227326433132281
291.57684630738527	0.12257809679996655
292.4550898203593	0.1223869824000795
293.33333333333337	0.12438920305081984
294.2115768463074	0.126416001776533
295.0898203592815	0.12420486286650889
295.9680638722555	0.12345833705710847
296.8463073852296	0.1215837151079885
297.72455089820363	0.12394509587292041
298.6027944111777	0.12528885491362377
299.48103792415174	0.12408939814101046
300.3592814371258	0.1245898418404468
301.23752495009984	0.12340684631684717
302.1157684630739	0.1253791343927739
302.99401197604794	0.12297364884045042
303.872255489022	0.1249521861760862
304.75049900199605	0.12453334040488429
305.6287425149701	0.12528176638624078
306.50698602794415	0.1254693109824293
307.3852295409182	0.12481119807361042
308.26347305389226	0.12579056901214233
309.1417165668663	0.12444181463436042
310.01996007984036	0.12453646347316653
310.8982035928144	0.12597308229354137
311.77644710578846	0.1271621072318659
312.6546906187625	0.1290741767430775
313.53293413173657	0.12763519475176643
314.4111776447106	0.12581433618459475
315.28942115768467	0.12418337758280637
316.1676646706587	0.1256683026935686
317.0459081836328	0.12650844480529558
317.9241516966068	0.1229015541217439
318.8023952095809	0.12769299143242863
319.68063872255493	0.12690801277777577
320.558882235529	0.12674726687039328
321.43712574850304	0.12686678322727063
322.3153692614771	0.12661708829339893
323.19361277445114	0.12710300254456827
324.0718562874252	0.1258940781603385
324.95009980039924	0.1309688580059568
325.8283433133733	0.12561222034871988
326.70658682634735	0.1271405900634486
327.5848303393214	0.12873789222167248
328.46307385229545	0.1269534164484881
329.3413173652695	0.13101748514948378
330.21956087824356	0.12537560399513406
331.0978043912176	0.12398848180020397
331.97604790419166	0.13092332992197864
332.8542914171657	0.13022066291808176
333.73253493013976	0.12513506461840218
334.6107784431138	0.1276520497521142
335.48902195608787	0.12822417558072607
336.3672654690619	0.12558370433773117
337.245508982036	0.12638187889087796
338.12375249501	0.1284648948167752
339.0019960079841	0.12724158549684333
339.8802395209581	0.1276251142215987
340.7584830339322	0.12909507446450144
341.63672654690623	0.12729717542326296
342.5149700598803	0.12847526695847525
343.39321357285434	0.13050476811625294
344.2714570858284	0.12967572140012149
345.14970059880244	0.128990880053572
346.0279441117765	0.12988348153910695
346.90618762475054	0.12947826116741362
347.7844311377246	0.1270264773109653
348.66267465069865	0.13320886368896195
349.5409181636727	0.13129725947891446
350.41916167664675	0.1324819317368569
351.2974051896208	0.1335259347032568
352.17564870259486	0.1295035347204012
353.05389221556896	0.13069187267319138
353.93213572854296	0.1298459444510691
354.810379241517	0.13041905389429945
355.68862275449106	0.13049064820076955
356.5668662674652	0.13125822147393296
357.44510978043917	0.12803887999970723
358.3233532934132	0.13106806803900473
359.2015968063873	0.13060950840474742
360.07984031936127	0.13072215154515807
360.9580838323354	0.13098609575715597
361.8363273453094	0.13025597175171666
362.7145708582835	0.13306406256962902
363.59281437125753	0.1281832398241805
364.47105788423164	0.13124252064685657
365.34930139720564	0.13115582272140835
366.2275449101797	0.13191713821281725
367.10578842315374	0.13216430765624126
367.98403193612785	0.1296162915866618
368.86227544910184	0.1294844276199601
369.7405189620759	0.1300868570381334
370.61876247504995	0.1360942230677388
371.49700598802406	0.135223520271974
372.37524950099805	0.13332084449444848
373.2534930139721	0.1334306629987733
374.13173652694616	0.13570935028941694
375.00998003992026	0.1345885862931864
375.88822355289426	0.13354513614997665
376.7664670658683	0.1320591075512483
377.64471057884236	0.129934614034263
378.5229540918165	0.13258059582145318
379.40119760479047	0.1335179736320066
380.2794411177645	0.13099385577691514
381.1576846307386	0.131835231563585
382.0359281437127	0.13386078169259905
382.9141716566867	0.13152175563692375
383.7924151696607	0.13329041258114857
384.6706586826348	0.1308237140650119
385.54890219560883	0.1292677555122218
386.42714570858294	0.13026838509931052
387.30538922155694	0.13154229461324793
388.183632734531	0.1335108584743126
389.06187624750504	0.1352142975948073
389.94011976047915	0.13163041286191096
390.81836327345314	0.13237303689055685
391.6966067864272	0.1307016747677055
392.57485029940125	0.13434281381856397
393.45309381237536	0.13301373247022297
394.33133732534935	0.13431962283256008
395.2095808383234	0.13417553413290484
396.08782435129746	0.13576972063226864
396.96606786427157	0.1343423799923354
397.84431137724556	0.13686516891902564
398.7225548902196	0.13196331515044385
399.60079840319366	0.13400414687441403
400.4790419161678	0.13563903858640428
401.35728542914177	0.13468611867285749
402.2355289421158	0.13433937931257894
403.1137724550899	0.1351398634286241
403.992015968064	0.13681612594284498
404.870259481038	0.1352785107367799
405.74850299401203	0.1351423132589128
406.6267465069861	0.13456806273677052
407.50499001996013	0.13585783227900625
408.38323353293424	0.13374142409555126
409.26147704590824	0.136152665107491
410.1397205588823	0.13447863597391965
411.01796407185634	0.1368160863066238
411.89620758483045	0.13677577905756752
412.77445109780444	0.13531074223146222
413.6526946107785	0.13665334314034958
414.53093812375255	0.13538418207837846
415.40918163672666	0.13519093601961196
416.28742514970065	0.13347240249575199
417.1656686626747	0.13694900550829328
418.04391217564876	0.13571065811501626
418.92215568862287	0.13883100281520291
419.80039920159686	0.13586064911848175
420.6786427145709	0.13658650918096957
421.55688622754496	0.13664611271780364
422.4351297405191	0.1382252304615465
423.31337325349307	0.13613754208158954
424.1916167664671	0.13517811799658638
425.0698602794412	0.13673592032385518
425.9481037924153	0.13530416912751045
426.8263473053893	0.1328856386465458
427.70459081836333	0.1333488541210833
428.5828343313374	0.1354416634375563
429.46107784431143	0.13633700215514274
430.33932135728554	0.13430028550848294
431.21756487025954	0.1363169830352836
432.0958083832336	0.13499272463344483
432.97405189620764	0.1364531891404974
433.85229540918175	0.13673420864916994
434.73053892215574	0.1360142734876263
435.6087824351298	0.13628756661861766
436.48702594810385	0.1384855525978435
437.36526946107796	0.1360735276452707
438.24351297405195	0.14026088515044152
439.121756487026	0.13857706205386885
440.00000000000006	0.13618258447219847
440.87824351297417	0.1383027206461493
441.75648702594816	0.13731327153019215
442.6347305389222	0.1370237636965138
443.51297405189626	0.1367514983670494
444.3912175648704	0.13838821469870918
445.26946107784437	0.13957194702291242
446.1477045908184	0.13810245918538958
447.0259481037925	0.13754252982765533
447.9041916167666	0.13624570117917414
448.7824351297406	0.13700393393758162
449.66067864271463	0.13803840551614613
450.5389221556887	0.13620037313454594
451.41716566866273	0.1356697604364065
452.29540918163684	0.13770144554821642
453.17365269461084	0.13803966497915648
454.0518962075849	0.13467996795762793
454.93013972055894	0.13727088755013983
455.80838323353305	0.13863876203061182
456.68662674650705	0.13418456808414714
457.5648702594811	0.13858568977460145
458.44311377245515	0.1370704867157524
459.32135728542926	0.13787251989946203
460.19960079840325	0.1394193596353392
461.0778443113773	0.13798583458423766
461.95608782435136	0.139378430638068
462.83433133732547	0.13598798910299714
463.71257485029946	0.138706517742941
464.5908183632735	0.1396254225658159
465.46906187624757	0.13445492684690338
466.3473053892217	0.13433222196770606
467.22554890219567	0.13787737730304114
468.1037924151697	0.1400540117324236
468.9820359281438	0.1384703810497473
469.8602794411179	0.13868470187392243
470.7385229540919	0.13689102999558916
471.61676646706593	0.13900013749911636
472.49500998004	0.13842566190564065
473.37325349301403	0.1383837183523202
474.25149700598814	0.13854890033791847
475.12974051896214	0.1418028714896036
476.0079840319362	0.14126599763789988
476.88622754491024	0.14190080378538597
477.76447105788435	0.1390600148009609
478.64271457085835	0.1380494246027909
479.5209580838324	0.13586540891869656
480.39920159680645	0.14030427768264736
481.27744510978056	0.13800052114832215
482.15568862275455	0.13912440885728464
483.0339321357286	0.14236621843755
483.91217564870266	0.13676668616751614
484.79041916167677	0.13839139680571774
485.66866267465076	0.14222946682357346
486.5469061876248	0.13965702831454943
487.42514970059887	0.13736449440266169
488.303393213573	0.14306572094415212
489.18163672654697	0.1397347899331128
490.059880239521	0.142842043097107
490.9381237524951	0.14278094337927566
491.8163672654692	0.1388249830792688
492.6946107784432	0.13942145620755855
493.57285429141723	0.1376957441003206
494.4510978043913	0.1400186684717288
495.32934131736533	0.13646734743821465
496.20758483033944	0.1382346425193413
497.08582834331344	0.13932105714953397
497.9640718562875	0.14003766696813255
498.84231536926154	0.1403263709944569
499.72055888223565	0.1386349096937244
500.59880239520965	0.1364902509349062
501.4770459081837	0.13877806046686084
502.35528942115775	0.13754093223597919
503.23353293413186	0.1401282230279543
504.11177644710585	0.1411985778026189
504.9900199600799	0.14293135515789687
505.86826347305396	0.13616792962166901
506.74650698602807	0.14054312809989944
507.62475049900206	0.13872130143600542
508.5029940119761	0.14017126783804773
509.38123752495017	0.13883419008563955
510.2594810379243	0.1430685004456321
511.13772455089827	0.13916034812050251
512.0159680638724	0.14196929457707166
512.8942115768464	0.140721235031884
513.7724550898205	0.14423120032923287
514.6506986027945	0.13909404061560077
515.5289421157686	0.14078498536603076
516.4071856287426	0.14357338565074962
517.2854291417166	0.13729654802571342
518.1636726546907	0.1381130929133904
519.0419161676648	0.14086420014887854
519.9201596806388	0.14276407698832638
520.7984031936128	0.14069645644970236
521.6766467065869	0.13992458658394527
522.554890219561	0.14267027498257162
523.433133732535	0.1418009122431436
524.311377245509	0.14092631716725434
525.1896207584831	0.13869645939080627
526.0678642714572	0.1412359812081133
526.9461077844312	0.14259728294916274
527.8243512974052	0.14285487962907004
528.7025948103793	0.14057488008176258
529.5808383233534	0.14009793092507983
530.4590818363274	0.13929984928151629
531.3373253493014	0.13856896483236789
532.2155688622755	0.1443538132538885
533.0938123752496	0.13984337787331874
533.9720558882236	0.14306333151512232
534.8502994011976	0.14034870030731714
535.7285429141717	0.13853824127832698
536.6067864271458	0.14141305220304679
537.4850299401198	0.14170103721979524
538.3632734530938	0.13965858184044833
539.2415169660679	0.14134237937627958
540.119760479042	0.13924693132592186
540.998003992016	0.13816513314950088
541.87624750499	0.14132426111967256
542.7544910179641	0.14161467368463856
543.6327345309383	0.13971895868085787
544.5109780439122	0.14364673867362796
545.3892215568862	0.14284580175052508
546.2674650698604	0.1402466628658964
547.1457085828345	0.14180044563715605
548.0239520958085	0.14154198721708652
548.9021956087824	0.13970902160569224
549.7804391217566	0.14171667882735114
550.6586826347307	0.14198202235185936
551.5369261477047	0.14390827887565416
552.4151696606788	0.14084867229464593
553.2934131736528	0.14254998960013096
554.1716566866269	0.1405866299623571
555.0499001996009	0.14231110968934288
555.928143712575	0.1423902032088474
556.806387225549	0.14356335317472121
557.6846307385231	0.14335568720436395
558.5628742514971	0.14441261743845402
559.4411177644712	0.14498409734878745
560.3193612774452	0.14235570393351135
561.1976047904193	0.1374256602279847
562.0758483033933	0.1417817899356576
562.9540918163674	0.1396967115463344
563.8323353293414	0.13924026942543816
564.7105788423154	0.14236749382708186
565.5888223552895	0.14180203817735673
566.4670658682636	0.14076556196848744
567.3453093812376	0.1403973499635749
568.2235528942116	0.14642169389896417
569.1017964071857	0.14520722581569695
569.9800399201598	0.14326559850871948
570.8582834331338	0.14509303112970204
571.7365269461078	0.14284791153140983
572.6147704590819	0.1415350961011136
573.493013972056	0.1442092830742922
574.37125748503	0.14009895431412614
575.249500998004	0.14617965531926283
576.1277445109781	0.13980887899781716
577.0059880239522	0.1439484792018867
577.8842315369262	0.14279425841113624
578.7624750499002	0.14593380239579581
579.6407185628743	0.1421693546754751
580.5189620758484	0.14107775538583694
581.3972055888224	0.14276640003610597
582.2754491017964	0.1405362091871579
583.1536926147705	0.1441881037791271
584.0319361277446	0.14260301975948186
584.9101796407186	0.14289971475840438
585.7884231536926	0.14061365498678288
586.6666666666667	0.1427368211975735
587.5449101796409	0.14263979541016317
588.4231536926148	0.14387467831716852
589.3013972055888	0.14177322622671115
590.179640718563	0.13924727644313553
591.0578842315371	0.1432798198460079
591.936127744511	0.14279018100876117
592.8143712574852	0.14665826108647778
593.6926147704592	0.1383136846982869
594.5708582834333	0.1426894553672609
595.4491017964073	0.13931427429311155
596.3273453093814	0.14343571442909228
597.2055888223554	0.14457485743152357
598.0838323353295	0.14483124998917452
598.9620758483035	0.14039888009627177
599.8403193612776	0.14368451867266235
600.7185628742516	0.14070149161678688
601.5968063872257	0.13895954273175137
602.4750499001997	0.14281597919705155
603.3532934131738	0.14319201536160187
604.2315369261478	0.14283607448081292
605.1097804391219	0.1428033094497361
605.9880239520959	0.1445430479293816
606.86626746507	0.14377287291304736
607.744510978044	0.1392428671738427
608.622754491018	0.14183419028164906
609.5009980039921	0.14257244114373088
610.3792415169662	0.14322121211688388
611.2574850299402	0.14171159163047503
612.1357285429142	0.14119310233199767
613.0139720558883	0.14347247741387725
613.8922155688624	0.13947712206774657
614.7704590818364	0.14469544674314933
615.6487025948104	0.14378520657465926
616.5269461077845	0.1421492882734183
617.4051896207586	0.14324302979079892
618.2834331337326	0.142949873274095
619.1616766467066	0.14552344975318998
620.0399201596807	0.14703391664207419
620.9181636726548	0.1443114442366331
621.7964071856288	0.1435125527528787
622.6746506986028	0.14249387706916608
623.5528942115769	0.14585229507827296
624.431137724551	0.143009171990388
625.309381237525	0.14467379988167797
626.187624750499	0.14143332248110585
627.0658682634731	0.14254363399486605
627.9441117764472	0.14334611343793127
628.8223552894212	0.14094177544352388
629.7005988023952	0.1452224110111761
630.5788423153693	0.1429669723921506
631.4570858283435	0.14366919510463783
632.3353293413174	0.13972242586465816
633.2135728542914	0.14591708408696452
634.0918163672656	0.14368821637403958
634.9700598802397	0.14150415193594454
635.8483033932137	0.14427313823821566
636.7265469061877	0.1427835253551986
637.6047904191618	0.14657039069561664
638.4830339321359	0.14307846873553864
639.3612774451099	0.14326685539638245
640.239520958084	0.1427964900244028
641.117764471058	0.14384959861129884
641.9960079840321	0.1434187628248144
642.8742514970061	0.1408189201477247
643.7524950099802	0.1412055750753026
644.6307385229542	0.14424205427871342
645.5089820359283	0.1436620557033271
646.3872255489023	0.1428785361656487
647.2654690618764	0.14759098058922152
648.1437125748504	0.1453691300622025
649.0219560878245	0.14306873189820524
649.9001996007985	0.1439581768100054
650.7784431137726	0.14486251167891834
651.6566866267466	0.1437265640297648
652.5349301397206	0.14834904383156294
653.4131736526947	0.14846964004780142
654.2914171656688	0.14492058303245897
655.1696606786428	0.14340315006975246
656.0479041916168	0.14676217751959988
656.9261477045909	0.1439540926547555
657.804391217565	0.1434876496640171
658.682634730539	0.14300567382860416
659.560878243513	0.14258260407074297
660.4391217564871	0.14434677705176108
661.3173652694612	0.14496420623414916
662.1956087824352	0.14428900074472062
663.0738522954092	0.14348402177897682
663.9520958083833	0.14420326894301305
664.8303393213574	0.14539869247260087
665.7085828343314	0.146315098407057
666.5868263473054	0.14769503183074117
667.4650698602795	0.1480521456424957
668.3433133732536	0.14412030253593996
669.2215568862276	0.1466932913080261
670.0998003992016	0.14120650386323594
670.9780439121757	0.1477393768270244
671.8562874251498	0.14457840483250872
672.7345309381238	0.14443608119957105
673.6127744510978	0.14830898487292293
674.491017964072	0.14583939954973388
675.369261477046	0.1446280562770608
676.24750499002	0.1446404535860164
677.125748502994	0.14873556696526388
678.0039920159682	0.14514461986666413
678.8822355289423	0.1457347347706061
679.7604790419163	0.14614715838694434
680.6387225548904	0.1485216232023461
681.5169660678644	0.14245021576918754
682.3952095808385	0.14483720396789138
683.2734530938125	0.14426955645053383
684.1516966067866	0.14374426424826686
685.0299401197606	0.1449053190262272
685.9081836327347	0.14568605517314426
686.7864271457087	0.14453191496600484
687.6646706586828	0.14598804110466881
688.5429141716568	0.141289331623711
689.4211576846309	0.1466077951721627
690.2994011976049	0.14657206321012253
691.177644710579	0.14631073578462192
692.055888223553	0.14201576117102604
692.9341317365271	0.1433527269499468
693.8123752495011	0.14704748639560827
694.6906187624752	0.1452690849477157
695.5688622754492	0.14477489375039235
696.4471057884233	0.1437793425982552
697.3253493013973	0.1458356299306692
698.2035928143714	0.14220058174335046
699.0818363273454	0.14504161491984294
699.9600798403194	0.14344406370117074
700.8383233532935	0.14455813833534606
701.7165668662676	0.1458029752467508
702.5948103792416	0.14564788520064378
703.4730538922156	0.1471087933150132
704.3512974051897	0.14508133764357048
705.2295409181637	0.14373872129296508
706.1077844311379	0.14374002793745166
706.9860279441119	0.1450230066248927
707.8642714570859	0.1423191663012698
708.74251497006	0.1453897481203848
709.620758483034	0.14238671117308704
710.499001996008	0.14283636047187953
711.3772455089821	0.1468438114261911
712.2554890219561	0.14648680643300757
713.1337325349303	0.1448599487112893
714.0119760479043	0.14314214469599182
714.8902195608783	0.1447644743729932
715.7684630738524	0.1459919917682287
716.6467065868264	0.14507732912769744
717.5249500998004	0.14021122599986938
718.4031936127745	0.14201094555410818
719.2814371257485	0.14538042323944317
720.1596806387225	0.1433940684167903
721.0379241516968	0.14854613002178874
721.9161676646708	0.14550641337111644
722.7944111776449	0.14436515992725238
723.6726546906189	0.14773682031525254
724.5508982035929	0.1451199583637785
725.429141716567	0.14219006459245578
726.307385229541	0.14914627657477175
727.1856287425151	0.1428103278039356
728.0638722554892	0.14554870108449783
728.9421157684633	0.14785887919035945
729.8203592814373	0.145073716867224
730.6986027944113	0.14854263530849277
731.5768463073854	0.1454342063758947
732.4550898203594	0.14648256818039704
733.3333333333334	0.14476249311412967
734.2115768463075	0.1471433593532262
735.0898203592816	0.14822613272640622
735.9680638722557	0.14255239231583255
736.8463073852297	0.14338273030053386
737.7245508982037	0.14511927580196285
738.6027944111778	0.14760244916341267
739.4810379241518	0.14353430289401709
740.3592814371258	0.1467457051946942
741.2375249500999	0.1435402050825792
742.1157684630739	0.14411459677827632
742.9940119760481	0.14422670101272622
743.8722554890221	0.1458631732067115
744.7504990019961	0.14437311632837127
745.6287425149702	0.14657178432564988
746.5069860279442	0.1452341530291667
747.3852295409182	0.14315576907154975
748.2634730538923	0.14691104780349246
749.1417165668663	0.14626487192535
750.0199600798405	0.14299011700739955
750.8982035928145	0.1445138805076784
751.7764471057885	0.14582909097889168
752.6546906187626	0.1458624620746896
753.5329341317366	0.14101469590876922
754.4111776447106	0.14248295660696028
755.2894211576847	0.14524291691636365
756.1676646706587	0.14477973367986183
757.045908183633	0.14552226048731506
757.9241516966069	0.1471088031604432
758.8023952095809	0.1453981737617474
759.680638722555	0.1456192465454778
760.558882235529	0.14858316966055962
761.437125748503	0.14480397373288845
762.3153692614771	0.1474467450494551
763.1936127744511	0.14528376320349268
764.0718562874254	0.14631810397639358
764.9500998003994	0.1421730593333373
765.8283433133734	0.14227972876302933
766.7065868263475	0.14541200740172425
767.5848303393215	0.1455851863263228
768.4630738522956	0.14561716090924998
769.3413173652696	0.14207843168428286
770.2195608782436	0.14376028788488457
771.0978043912177	0.14604034908770439
771.9760479041918	0.1452965501214878
772.8542914171659	0.14556064208238378
773.7325349301399	0.14518704488112813
774.6107784431139	0.14664983115050945
775.489021956088	0.1425571934765237
776.367265469062	0.1458140439112595
777.245508982036	0.14386511144010242
778.1237524950101	0.14443817060795908
779.0019960079842	0.14610946103417577
779.8802395209583	0.14510459856478897
780.7584830339323	0.1492337100540675
781.6367265469063	0.14147246045773243
782.5149700598804	0.14401436649620455
783.3932135728544	0.14584038603824354
784.2714570858284	0.14256529284185035
785.1497005988025	0.14721713520596583
786.0279441117766	0.14482612894726185
786.9061876247507	0.14537022477732894
787.7844311377247	0.14208252684884684
788.6626746506987	0.1444284103928095
789.5409181636728	0.14556673776861923
790.4191616766468	0.14557935629010102
791.2974051896208	0.1496530890883966
792.1756487025949	0.14481858797150332
793.0538922155689	0.14458735955053864
793.9321357285431	0.14525178872777791
794.8103792415171	0.1457813404773168
795.6886227544911	0.1461393281683299
796.5668662674652	0.1483066462465898
797.4451097804392	0.1471035239804244
798.3233532934132	0.1438126828381083
799.2015968063873	0.14639349198332285
800.0798403193613	0.1436947785480647
800.9580838323355	0.14563435453536494
801.8363273453095	0.14649369811140225
802.7145708582835	0.14548478650161914
803.5928143712576	0.14435746291734947
804.4710578842316	0.146160832232514
805.3493013972056	0.14323194188937594
806.2275449101797	0.14475565814020316
807.1057884231537	0.14443426050336278
807.984031936128	0.14133024972675923
808.862275449102	0.14632026871441506
809.740518962076	0.14515893096299765
810.6187624750501	0.14720568584376534
811.4970059880241	0.14396081068445898
812.375249500998	0.14610610638145843
813.2534930139722	0.14927012663432868
814.1317365269462	0.1427321484948216
815.0099800399203	0.14703590392992363
815.8882235528944	0.14602779788485273
816.7664670658685	0.14706554984525225
817.6447105788425	0.14416342202746035
818.5229540918165	0.14608221200197455
819.4011976047906	0.14438311904060433
820.2794411177646	0.14483310693476315
821.1576846307386	0.14519803388756466
822.0359281437127	0.14564850723584516
822.9141716566868	0.14704584095170026
823.7924151696609	0.14581142974879788
824.6706586826349	0.14699066939709596
825.5489021956089	0.1435400853239524
826.427145708583	0.14852158724634473
827.305389221557	0.14613471845787546
828.183632734531	0.14554220362528286
829.0618762475051	0.14301535822324687
829.9401197604792	0.14569755847433563
830.8183632734533	0.14478607456057313
831.6966067864273	0.14458102202989265
832.5748502994013	0.14591631406798256
833.4530938123754	0.14870185362239968
834.3313373253494	0.14452789227709603
835.2095808383234	0.1455705291353612
836.0878243512975	0.1445522568207207
836.9660678642715	0.1455502566380302
837.8443113772457	0.14593284788448796
838.7225548902197	0.14353568549720302
839.6007984031937	0.14464745717529556
840.4790419161678	0.14286497902156411
841.3572854291418	0.14602025317958373
842.2355289421158	0.14617380654538945
843.1137724550899	0.14268885984409163
843.9920159680639	0.1455275135137866
844.8702594810381	0.14773308641874938
845.7485029940121	0.14617972958045916
846.6267465069861	0.1457613217307802
847.5049900199602	0.14697759572807384
848.3832335329342	0.1471053046537244
849.2614770459082	0.1431619957725642
850.1397205588823	0.14618101129379749
851.0179640718563	0.14361597633833081
851.8962075848306	0.14650919697535936
852.7744510978046	0.1453443069573651
853.6526946107786	0.14705236952532996
854.5309381237527	0.1428093297845141
855.4091816367267	0.14591303113783902
856.2874251497008	0.14649191625130512
857.1656686626748	0.14539473239877157
858.0439121756488	0.1427230339612269
858.9221556886229	0.14545406139861872
859.800399201597	0.1469733570427136
860.6786427145711	0.14575228780122831
861.5568862275451	0.14621924629928448
862.4351297405191	0.1458409198030637
863.3133732534932	0.14586992219259995
864.1916167664672	0.14207940003760672
865.0698602794412	0.14605685962933582
865.9481037924153	0.14833177901717376
866.8263473053894	0.14698458852130794
867.7045908183635	0.1501446827989642
868.5828343313375	0.14581723933730417
869.4610778443115	0.1458541386176851
870.3393213572856	0.14602623783298743
871.2175648702596	0.1465403220564413
872.0958083832336	0.14438337935397286
872.9740518962077	0.14377039552818305
873.8522954091818	0.14571358095665124
874.7305389221559	0.1426888883466826
875.6087824351299	0.14441480841918602
876.4870259481039	0.14417575344927622
877.365269461078	0.1469449913729867
